0.0 0.0 0.0 0.0 
0.0 0.0 0.0 0.0 
160.9109559691721 0.0 79.80560597536112 0.0 
147.53817356647568 0.0 61.8632949301622 73.52415603546734 
132.4362873053327 0.0 0.0 40.98710477154834 
118.41979958183315 63.933758670780456 29.91999963928928 0.0 
66.81464053335523 53.6101184113625 0.0 31.39517646757502 
107.80674627087896 57.86117043239379 25.76607767145064 0.0 
42.29437123489492 68.85202506269363 34.62637565621047 42.566704240882274 
50.89847326759386 61.997280453253765 43.229533823121585 50.36393640884717 
69.76082394276683 58.420161747818774 45.32451703783238 38.05128395261343 
68.0612484952199 56.43071011922342 -2.5 35.254960371539255 
0.0 38.55905915679048 0.0 0.0 
0.0 0.0 0.0 0.0 
0.0 0.0 0.0 0.0 
0.0 0.0 0.0 0.0 
0.0 0.0 0.0 0.0 
0.0 0.0 0.0 0.0 
0.0 0.0 0.0 0.0 
0.0 0.0 0.0 0.0 
0.0 0.0 0.0 0.0 
0.0 0.0 0.0 0.0 
0.0 0.0 0.0 0.0 
0.0 116.72426196316712 27.741136465669168 0.0 
45.1022524509177 131.24558537640078 12.216000000000003 14.154000000000003 
92.56273457064265 14.0 7.5834 15.96091156 
30.3101032 34.216 0.0 -2.5 
0.0 86.6865917581392 1.5 38.826978711384605 
10.0 72.0540581706962 0.0 41.54085669891512 
0.0 66.4678265833791 26.423451431411436 20.446971794320735 
37.05495469154625 72.30862857852858 50.573702738552626 34.09128837813266 
66.17126691909584 75.0507853163658 53.92581915495617 38.82011232690586 
78.27160104751398 63.1602179038422 50.459478947488336 46.542814534570866 
62.64481111773984 76.80381337225401 0.0 47.970517312147976 
0.0 75.52287614655782 0.0 56.08055615182963 
0.0 77.7174561863073 0.0 0.0 
0.0 0.0 0.0 0.0 
0.0 0.0 0.0 0.0 
0.0 0.0 0.0 0.0 
0.0 0.0 0.0 0.0 
0.0 0.0 0.0 0.0 
0.0 0.0 0.0 0.0 
0.0 0.0 0.0 0.0 
0.0 0.0 0.0 0.0 
0.0 0.0 0.0 0.0 
46.276581941494285 77.67832723019598 126.34196662381962 0.0 
0.0 21.19860736922984 110.90959320464086 49.777537787746 
0.0 0.0 0.0 0.0 
0.0 0.0 0.0 0.0 
32.0682136115522 38.386652304981105 75.27100092312867 0.0 
0.0 24.857874324666398 65.76572686085865 34.26883172836617 
0.0 0.0 0.0 0.0 
0.0 0.0 0.0 0.0 
0.0 0.0 0.0 0.0 
0.0 0.0 0.0 0.0 
0.0 0.0 0.0 0.0 
0.0 0.0 0.0 0.0 
0.0 0.0 0.0 0.0 
0.0 0.0 0.0 0.0 
0.0 0.0 0.0 0.0 
0.0 0.0 0.0 0.0 
0.0 0.0 0.0 0.0 
0.0 109.46660905165264 0.0 155.97901794419133 
0.0 101.12275947460289 0.0 144.43047723927694 
87.69027197954028 93.96561004212158 68.17469227215354 134.8166234442715 
64.35302963460217 87.34064804601306 26.445625539650976 126.87397022935941 
77.3896407252602 77.94491443864474 108.52416833620971 119.80068461661284 
81.14949995821601 73.61418538081614 91.6935803146211 107.49903437759585 
71.003131912359 69.55397453619466 67.16788969413844 105.6024015001992 
84.94564383774349 65.18011816275782 68.57733230441826 78.20220341822564 
87.7581836973939 62.07228960967091 62.941231264099976 73.68382051125943 
87.46454522532363 60.211174345089134 74.9145834221866 78.70727255347386 
83.18680611746694 60.20509399084648 78.290566581479 85.81636204122104 
77.4555610159789 8.563795397120002 54.45173651560316 84.65581305912283 
69.40278783238526 0.0 0.0 0.0 
0.0 0.0 0.0 0.0 
0.0 0.0 0.0 0.0 
0.0 0.0 0.0 0.0 
0.0 0.0 0.0 0.0 
0.0 0.0 0.0 0.0 
0.0 0.0 0.0 0.0 
